12320
25999
4844
4124
15132
16018
4349
12705
12947
15482
26330
17512
20596
15988
14750
13094
13552
25964
16610
7
15591
23922
23414
16922
3732
5543
19111
1352
8054
6708
27041
20198
6929
19352
22367
18118
10718
7380
16990
10516
6708
20675
3637
12360
24046
5023
17720
21319
17649
8229
2105
5788
21613
13621
16627
26683
27584
15678
9548
5339
24863
2198
25249
18541
23010
6621
20509
17816
166
5245
4770
6671
4701
20044
12968
9952
26275
18346
18174
12008
5039
9516
6367
23278
4170
18250
20927
2407
3703
16006
22915
19067
10801
18605
1222
13556
433
27273
13897
21984
