23879
1920
14802
10914
16078
27358
19545
16670
1721
1004
8254
8802
966
20529
9219
15386
7686
11974
14450
22647
20376
26706
25387
642
12994
12981
10009
12284
5565
5332
9557
10457
3690
3422
18028
11581
25195
10812
5339
14354
22784
6682
10874
5954
25251
11325
22999
2181
26791
7243
6357
19
7074
18028
8925
6721
15734
4073
2015
22271
3580
14774
26163
26365
25952
550
4673
8406
21755
19207
21900
6598
24939
13940
26055
13039
8645
14057
21827
25038
8255
14819
25354
7916
3217
11244
22310
21947
9330
6217
23660
461
5341
17198
23900
4234
25504
16877
7584
12927
